
 OP   Rg Lx Vl[ PC BP SP]
INC   0  0  6[  1  1  6]   0   0   0   0   0   0 
	Registers:[  0  0  0  0  0  0  0  0]
LIT   0  0  3[  2  1  6]   0   0   0   0   0   0 
	Registers:[  3  0  0  0  0  0  0  0]
STO   0  0  4[  3  1  6]   0   0   0   0   3   0 
	Registers:[  3  0  0  0  0  0  0  0]
LIT   0  0  1[  4  1  6]   0   0   0   0   3   0 
	Registers:[  1  0  0  0  0  0  0  0]
STO   0  0  5[  5  1  6]   0   0   0   0   3   1 
	Registers:[  1  0  0  0  0  0  0  0]
CAL   0  0  7[  7  7  6]   0   0   0   0   3   1 |
	Registers:[  1  0  0  0  0  0  0  0]
INC   0  0  4[  8  7 10]   0   0   0   0   3   1 |  0   1   1   6 
	Registers:[  1  0  0  0  0  0  0  0]
LOD   0  1  4[  9  7 10]   0   0   0   0   3   1 |  0   1   1   6 
	Registers:[  3  0  0  0  0  0  0  0]
LOD   1  1  5[ 10  7 10]   0   0   0   0   3   1 |  0   1   1   6 
	Registers:[  3  1  0  0  0  0  0  0]
MUL   1  0  1[ 11  7 10]   0   0   0   0   3   1 |  0   1   1   6 
	Registers:[  3  3  0  0  0  0  0  0]
STO   1  1  5[ 12  7 10]   0   0   0   0   3   3 |  0   1   1   6 
	Registers:[  3  3  0  0  0  0  0  0]
LIT   1  0  1[ 13  7 10]   0   0   0   0   3   3 |  0   1   1   6 
	Registers:[  3  1  0  0  0  0  0  0]
SUB   0  0  1[ 14  7 10]   0   0   0   0   3   3 |  0   1   1   6 
	Registers:[  2  1  0  0  0  0  0  0]
STO   0  1  4[ 15  7 10]   0   0   0   0   2   3 |  0   1   1   6 
	Registers:[  2  1  0  0  0  0  0  0]
NEQ   0  0  1[ 16  7 10]   0   0   0   0   2   3 |  0   1   1   6 
	Registers:[  1  1  0  0  0  0  0  0]
JPC   0  0 18[ 17  7 10]   0   0   0   0   2   3 |  0   1   1   6 
	Registers:[  1  1  0  0  0  0  0  0]
CAL   0  1  7[  7 11 10]   0   0   0   0   2   3 |  0   1   1   6 |
	Registers:[  1  1  0  0  0  0  0  0]
INC   0  0  4[  8 11 14]   0   0   0   0   2   3 |  0   1   1   6 |  0   1   7  18 
	Registers:[  1  1  0  0  0  0  0  0]
LOD   0  1  4[  9 11 14]   0   0   0   0   2   3 |  0   1   1   6 |  0   1   7  18 
	Registers:[  2  1  0  0  0  0  0  0]
LOD   1  1  5[ 10 11 14]   0   0   0   0   2   3 |  0   1   1   6 |  0   1   7  18 
	Registers:[  2  3  0  0  0  0  0  0]
MUL   1  0  1[ 11 11 14]   0   0   0   0   2   3 |  0   1   1   6 |  0   1   7  18 
	Registers:[  2  6  0  0  0  0  0  0]
STO   1  1  5[ 12 11 14]   0   0   0   0   2   6 |  0   1   1   6 |  0   1   7  18 
	Registers:[  2  6  0  0  0  0  0  0]
LIT   1  0  1[ 13 11 14]   0   0   0   0   2   6 |  0   1   1   6 |  0   1   7  18 
	Registers:[  2  1  0  0  0  0  0  0]
SUB   0  0  1[ 14 11 14]   0   0   0   0   2   6 |  0   1   1   6 |  0   1   7  18 
	Registers:[  1  1  0  0  0  0  0  0]
STO   0  1  4[ 15 11 14]   0   0   0   0   1   6 |  0   1   1   6 |  0   1   7  18 
	Registers:[  1  1  0  0  0  0  0  0]
NEQ   0  0  1[ 16 11 14]   0   0   0   0   1   6 |  0   1   1   6 |  0   1   7  18 
	Registers:[  0  1  0  0  0  0  0  0]
JPC   0  0 18[ 18 11 14]   0   0   0   0   1   6 |  0   1   1   6 |  0   1   7  18 
	Registers:[  0  1  0  0  0  0  0  0]
RTN   0  0  0[ 18  7 10]   0   0   0   0   1   6 |  0   1   1   6 
	Registers:[  0  1  0  0  0  0  0  0]
RTN   0  0  0[  6  1  6]   0   0   0   0   1   6 
	Registers:[  0  1  0  0  0  0  0  0]
JMP   0  0 19[ 19  1  6]   0   0   0   0   1   6 
	Registers:[  0  1  0  0  0  0  0  0]
LOD   0  0  5[ 20  1  6]   0   0   0   0   1   6 
	Registers:[  6  1  0  0  0  0  0  0]
6
SIO   0  0  1[ 21  1  6]   0   0   0   0   1   6 
	Registers:[  6  1  0  0  0  0  0  0]
SIO   0  0  3[ 22  1  6]   0   0   0   0   1   6 
	Registers:[  6  1  0  0  0  0  0  0]
